7.4541e-10
-5.4644e-10
2.30547e-11
5.13645e-10
-9.18575e-10
1.1524e-09
-2.1462e-09
3.32016e-09
-3.24733e-09
3.68881e-09
-4.41797e-09
3.88231e-09
-3.45799e-09
3.36267e-09
-3.38459e-09
4.80032e-09
-4.2854e-09
4.0626e-09
-3.33159e-09
2.22066e-09
-1.93634e-09
1.97157e-09
-1.65048e-09
1.49967e-09
-1.04057e-09
4.06173e-10
-6.60598e-10
4.02695e-10
8.28279e-10
-1.29926e-09
1.58174e-09
-2.56957e-09
2.8492e-09
-1.86288e-09
1.63692e-09
-2.39754e-09
2.54627e-09
-3.3547e-09
3.82292e-09
-3.54453e-09
3.82592e-09
-4.12506e-09
4.70977e-09
-4.91241e-09
3.81331e-09
-2.81565e-09
2.4246e-09
-2.71657e-09
3.09169e-09
-3.66869e-09
3.78988e-09
-4.27606e-09
4.45323e-09
-4.95713e-09
4.6491e-09
-4.7546e-09
5.77693e-09
-5.66385e-09
5.41971e-09
-5.23007e-09
4.55334e-09
-4.65191e-09
3.55836e-09
-2.22546e-09
1.49937e-09
-5.10713e-11
-7.07103e-10
5.00422e-10
-2.57061e-10
-3.75198e-10
1.11806e-09
-1.50306e-09
2.04374e-09
-2.67697e-09
3.01855e-09
-3.73525e-09
4.32551e-09
-5.19854e-09
5.20044e-09
-4.73663e-09
4.05428e-09
-3.68076e-09
3.59274e-09
-4.33347e-09
5.00743e-09
-4.59396e-09
4.48838e-09
-4.61907e-09
5.01763e-09
-5.35185e-09
5.30007e-09
-5.81898e-09
6.11888e-09
-5.82208e-09
5.47867e-09
-5.67594e-09
5.90739e-09
-5.13717e-09
4.72127e-09
-4.96759e-09
5.08512e-09
-5.12942e-09
4.83888e-09
-4.39838e-09
4.49099e-09
-4.68048e-09
4.27865e-09
-3.79118e-09
3.65514e-09
-3.59984e-09
3.28519e-09
-4.30629e-09
5.27052e-09
-5.58599e-09
5.29661e-09
-4.6177e-09
4.40673e-09
-4.80864e-09
5.41776e-09
-5.86873e-09
6.58072e-09
-6.92373e-09
6.96727e-09
-6.84856e-09
7.40894e-09
-7.72595e-09
7.9039e-09
-7.86497e-09
7.7024e-09
-7.81324e-09
8.3949e-09
-8.82302e-09
9.66173e-09
-9.61548e-09
1.01055e-08
-1.04477e-08
9.32548e-09
-8.30686e-09
8.70631e-09
-9.27777e-09
8.93925e-09
-8.87883e-09
8.43533e-09
-8.17177e-09
7.66825e-09
-7.9076e-09
7.78782e-09
-7.23172e-09
7.53482e-09
-7.92822e-09
8.9015e-09
-9.48023e-09
9.00633e-09
-7.88916e-09
6.91869e-09
-7.88929e-09
7.5118e-09
-7.39902e-09
8.36366e-09
-8.25488e-09
7.97058e-09
-8.19451e-09
8.15968e-09
-8.51943e-09
8.76812e-09
-8.72534e-09
9.13302e-09
-8.22139e-09
7.86045e-09
-7.88293e-09
8.11082e-09
-8.18244e-09
8.90482e-09
-8.95093e-09
8.48256e-09
-8.56162e-09
9.54581e-09
-1.06846e-08
1.13751e-08
-1.17877e-08
1.15652e-08
-1.13815e-08
1.09579e-08
-1.11947e-08
1.09147e-08
-1.06852e-08
1.06059e-08
-1.07394e-08
1.05834e-08
-1.08718e-08
1.12409e-08
-1.13722e-08
1.11197e-08
-1.18859e-08
1.27049e-08
-1.32508e-08
1.32381e-08
-1.25063e-08
1.24247e-08
-1.26451e-08
1.16725e-08
-1.07241e-08
1.00542e-08
-1.01753e-08
1.00949e-08
-1.01204e-08
1.01017e-08
-1.03969e-08
1.11133e-08
-1.0849e-08
1.01554e-08
-1.10755e-08
1.15445e-08
-1.07208e-08
1.01569e-08
-9.94417e-09
9.9929e-09
-1.11138e-08
1.16642e-08
-1.09987e-08
1.1069e-08
-1.15875e-08
1.1471e-08
-1.13921e-08
1.14789e-08
-1.05558e-08
9.48886e-09
-9.21279e-09
9.24084e-09
-9.5415e-09
9.72028e-09
-9.25802e-09
8.7856e-09
-8.94164e-09
8.34625e-09
-8.27342e-09
8.85995e-09
-8.89499e-09
8.51234e-09
-8.05121e-09
7.94895e-09
-8.11118e-09
8.35507e-09
-8.73517e-09
8.4624e-09
-8.85967e-09
8.86163e-09
-8.5017e-09
8.2531e-09
-7.94625e-09
7.79952e-09
-8.05419e-09
8.65923e-09
-9.665e-09
9.38111e-09
-8.6525e-09
8.24269e-09
-7.91461e-09
7.21059e-09
-5.9126e-09
5.41885e-09
-5.59345e-09
5.01918e-09
-4.41217e-09
3.15932e-09
-2.97353e-09
3.0473e-09
-3.29467e-09
4.50518e-09
-5.65216e-09
5.58036e-09
-5.50807e-09
5.01537e-09
-4.50369e-09
3.59634e-09
-3.70045e-09
4.14385e-09
-3.4248e-09
3.53396e-09
-4.28333e-09
4.72307e-09
-5.58753e-09
5.9644e-09
-5.04929e-09
4.14475e-09
-3.06073e-09
2.51505e-09
-2.91231e-09
2.92081e-09
-3.53482e-09
4.43073e-09
-4.79093e-09
4.61677e-09
-4.7191e-09
5.35291e-09
-5.91957e-09
6.82872e-09
-6.95495e-09
7.27235e-09
-8.12782e-09
8.79006e-09
-9.56419e-09
9.49242e-09
-1.0194e-08
1.12902e-08
-1.06146e-08
9.25725e-09
-9.004e-09
9.06559e-09
-9.19129e-09
9.21138e-09
-8.24699e-09
7.71942e-09
-7.94378e-09
7.44066e-09
-6.90534e-09
6.24268e-09
-5.88013e-09
5.24611e-09
-5.52889e-09
5.77499e-09
-4.44284e-09
4.30291e-09
-4.6553e-09
4.21754e-09
-3.79999e-09
3.80835e-09
-3.40022e-09
2.93006e-09
-3.14423e-09
3.60385e-09
-4.84414e-09
3.92954e-09
-3.78212e-09
4.73343e-09
-5.87198e-09
6.07836e-09
-5.93018e-09
5.62295e-09
-5.77723e-09
6.45329e-09
-6.7371e-09
7.08288e-09
-6.77877e-09
6.52278e-09
-6.30507e-09
5.74801e-09
-5.77551e-09
6.35862e-09
-6.5735e-09
6.26354e-09
-6.84479e-09
7.2645e-09
-7.89133e-09
8.32018e-09
-8.25014e-09
7.62992e-09
-6.74153e-09
6.44565e-09
-7.18288e-09
7.94117e-09
-8.53508e-09
8.7365e-09
-8.65478e-09
8.71397e-09
-8.40428e-09
8.40079e-09
-8.78065e-09
9.04066e-09
-8.5546e-09
8.8798e-09
-9.00388e-09
8.90757e-09
-9.22236e-09
9.74665e-09
-1.08095e-08
1.20166e-08
-1.29475e-08
1.30476e-08
-1.34738e-08
1.31784e-08
-1.30803e-08
1.3732e-08
-1.48134e-08
1.43247e-08
-1.42217e-08
1.47471e-08
-1.49237e-08
1.42438e-08
-1.37884e-08
1.44825e-08
-1.45768e-08
1.44647e-08
-1.52608e-08
1.57182e-08
-1.68243e-08
1.78936e-08
-1.76311e-08
1.74413e-08
-1.81996e-08
1.79908e-08
-1.74462e-08
1.65538e-08
-1.70959e-08
1.78583e-08
-1.79636e-08
1.79366e-08
-1.75348e-08
1.65925e-08
-1.59144e-08
1.66504e-08
-1.73902e-08
1.67571e-08
-1.59583e-08
1.51536e-08
-1.51565e-08
1.58347e-08
-1.59952e-08
1.57488e-08
-1.52002e-08
1.50989e-08
-1.47134e-08
1.362e-08
-1.20751e-08
1.10386e-08
-1.09878e-08
1.04236e-08
-9.59633e-09
9.42026e-09
-8.9198e-09
8.32787e-09
-8.52626e-09
9.21342e-09
-9.10355e-09
9.77548e-09
-1.00605e-08
9.65041e-09
-9.78672e-09
1.03153e-08
-1.14823e-08
1.13904e-08
-1.1308e-08
1.18869e-08
-1.20779e-08
1.19506e-08
-1.22353e-08
1.28164e-08
-1.35089e-08
1.35242e-08
-1.25869e-08
1.14478e-08
-1.13358e-08
1.17122e-08
-1.15825e-08
1.19394e-08
-1.17309e-08
1.09944e-08
-1.0927e-08
1.06727e-08
-1.00621e-08
9.58302e-09
-8.69839e-09
8.38687e-09
-8.82429e-09
8.73618e-09
-8.53848e-09
8.67722e-09
-8.23064e-09
7.7202e-09
-7.56942e-09
7.34885e-09
-7.99596e-09
8.27214e-09
-8.01613e-09
7.6063e-09
-7.61019e-09
7.60482e-09
-8.03685e-09
8.48849e-09
-8.75519e-09
9.01406e-09
-8.46848e-09
8.7267e-09
-8.89908e-09
7.89748e-09
-7.43914e-09
8.37657e-09
-8.97567e-09
8.33071e-09
-9.13551e-09
1.01781e-08
-1.01704e-08
1.0888e-08
-1.23753e-08
1.22779e-08
-1.20086e-08
1.29568e-08
-1.36649e-08
1.34275e-08
-1.33559e-08
1.3337e-08
-1.4267e-08
1.53537e-08
-1.59693e-08
1.63255e-08
-1.55832e-08
1.51274e-08
-1.44082e-08
1.35608e-08
-1.29455e-08
1.21715e-08
-1.19012e-08
1.11836e-08
-1.05636e-08
1.07198e-08
-1.09676e-08
1.17152e-08
-1.20023e-08
1.14407e-08
-1.11097e-08
1.00171e-08
-9.55895e-09
1.06445e-08
-1.04909e-08
1.0476e-08
-1.00602e-08
9.46716e-09
-9.84311e-09
9.47005e-09
-8.71872e-09
8.69043e-09
-8.90575e-09
9.69023e-09
-1.06188e-08
1.08985e-08
-1.09004e-08
1.10049e-08
-1.09477e-08
1.08956e-08
-1.04447e-08
9.8029e-09
-9.77603e-09
1.04945e-08
-1.19692e-08
1.25184e-08
-1.28867e-08
1.25707e-08
-1.23216e-08
1.23359e-08
-1.21211e-08
1.1576e-08
-1.19796e-08
1.17133e-08
-1.06484e-08
9.64574e-09
-1.04252e-08
1.11627e-08
-1.11848e-08
1.13267e-08
-1.09287e-08
9.88295e-09
-9.18731e-09
8.51074e-09
-8.76839e-09
8.5595e-09
-7.35526e-09
6.25209e-09
-4.54293e-09
3.31402e-09
-3.40644e-09
3.48979e-09
-4.64228e-09
5.99274e-09
-6.63289e-09
6.18334e-09
-6.03743e-09
4.99875e-09
-4.58547e-09
5.74505e-09
-6.59197e-09
5.97419e-09
-6.03425e-09
6.48804e-09
-6.75398e-09
5.69734e-09
-4.54639e-09
3.95819e-09
-3.54719e-09
2.89778e-09
-1.98441e-09
8.77855e-10
-5.52222e-10
1.34176e-09
-2.40593e-09
2.9435e-09
-3.36835e-09
4.7346e-09
-5.43731e-09
5.89861e-09
-6.91056e-09
7.13191e-09
-7.11024e-09
7.83349e-09
-8.03119e-09
7.52663e-09
-7.45005e-09
6.79242e-09
-6.24878e-09
4.85259e-09
-3.15134e-09
3.00751e-09
-2.49242e-09
1.3779e-09
-1.60307e-09
1.34034e-09
-9.59461e-10
7.25372e-10
-1.86222e-09
2.61802e-09
-2.87552e-09
2.65798e-09
-2.6355e-09
3.112e-09
-2.72197e-09
2.29801e-09
-2.09404e-09
1.64895e-09
-2.48403e-09
3.53286e-09
-3.08786e-09
3.17588e-09
-4.33671e-09
4.76272e-09
-5.19905e-09
4.52677e-09
-4.6259e-09
6.05247e-09
-7.40369e-09
6.6299e-09
-5.42299e-09
5.47109e-09
-5.68628e-09
5.68339e-09
-6.57908e-09
7.54653e-09
-7.54154e-09
6.64434e-09
-6.02695e-09
6.35929e-09
-6.77485e-09
6.76449e-09
-6.44849e-09
6.21683e-09
-7.08268e-09
7.19983e-09
-7.0912e-09
7.84739e-09
-7.85674e-09
8.16662e-09
-9.15116e-09
9.16807e-09
-9.76177e-09
1.12032e-08
-1.16817e-08
1.20919e-08
-1.29425e-08
1.38086e-08
-1.47377e-08
1.55025e-08
-1.58046e-08
1.5285e-08
-1.57274e-08
1.68086e-08
-1.70233e-08
1.69798e-08
-1.72117e-08
1.7428e-08
-1.75585e-08
1.84032e-08
-1.92061e-08
2.05304e-08
-2.14222e-08
2.10956e-08
-2.12716e-08
2.18206e-08
-2.26188e-08
2.33166e-08
-2.25255e-08
2.20374e-08
-2.16293e-08
2.13557e-08
-2.18246e-08
2.26684e-08
-2.29288e-08
2.41443e-08
-2.58789e-08
2.59581e-08
-2.57585e-08
2.61438e-08
-2.61871e-08
2.59318e-08
-2.61071e-08
2.63855e-08
-2.6362e-08
2.63876e-08
-2.67585e-08
2.68629e-08
-2.64683e-08
2.56088e-08
-2.44016e-08
2.36254e-08
-2.39414e-08
2.42677e-08
-2.44224e-08
2.52314e-08
-2.69682e-08
2.71759e-08
-2.58055e-08
2.59918e-08
-2.68447e-08
2.65846e-08
-2.62987e-08
2.57313e-08
-2.37269e-08
2.3065e-08
-2.24836e-08
2.25014e-08
-2.31136e-08
2.22057e-08
-2.0715e-08
2.03177e-08
-2.07468e-08
2.08279e-08
-2.09161e-08
2.11428e-08
-2.1186e-08
2.24038e-08
-2.33375e-08
2.25634e-08
-2.14025e-08
2.03429e-08
-1.92842e-08
1.99437e-08
-2.0224e-08
2.06553e-08
-2.17918e-08
2.16277e-08
-2.17969e-08
2.27744e-08
-2.29364e-08
2.29832e-08
-2.37202e-08
2.43466e-08
-2.37251e-08
2.27628e-08
-2.28863e-08
2.37098e-08
-2.3127e-08
2.27066e-08
-2.29127e-08
2.24383e-08
-2.08273e-08
2.004e-08
-2.06677e-08
2.04265e-08
-2.0034e-08
2.11549e-08
-2.18106e-08
2.31537e-08
-2.41178e-08
2.34987e-08
-2.39705e-08
2.48832e-08
-2.56321e-08
2.54092e-08
-2.55351e-08
2.53495e-08
-2.49979e-08
2.46254e-08
-2.34947e-08
2.34693e-08
-2.53125e-08
2.6402e-08
-2.59704e-08
2.68285e-08
-2.75786e-08
2.71947e-08
-2.71525e-08
2.80779e-08
-2.75872e-08
2.67733e-08
-2.74583e-08
2.83528e-08
-2.84917e-08
2.81471e-08
-2.84509e-08
2.8897e-08
-2.92156e-08
2.94252e-08
-2.82918e-08
2.75549e-08
-2.80297e-08
2.78811e-08
-2.80225e-08
2.91903e-08
-2.9175e-08
2.92135e-08
-2.94826e-08
2.93101e-08
-2.88764e-08
2.86136e-08
-2.78315e-08
2.79112e-08
-2.83354e-08
2.88707e-08
-2.98513e-08
3.09159e-08
-3.17651e-08
3.1745e-08
-3.15199e-08
3.12597e-08
-3.0089e-08
3.05938e-08
-3.16008e-08
3.18411e-08
-3.2057e-08
3.1979e-08
-3.17495e-08
3.23132e-08
-3.21555e-08
3.16278e-08
-3.18241e-08
3.18671e-08
-3.17352e-08
3.16837e-08
-3.06606e-08
3.09841e-08
-3.1197e-08
3.13437e-08
-3.16097e-08
3.14962e-08
-3.19513e-08
3.28377e-08
-3.22665e-08
3.17256e-08
-3.12174e-08
3.09564e-08
-3.15952e-08
3.20047e-08
-3.18999e-08
3.26171e-08
-3.3713e-08
3.47308e-08
-3.56475e-08
3.54895e-08
-3.51133e-08
3.50669e-08
-3.4923e-08
3.41732e-08
-3.45982e-08
3.48777e-08
-3.50022e-08
3.56825e-08
-3.48294e-08
3.45256e-08
-3.5478e-08
3.48188e-08
-3.5395e-08
3.54806e-08
-3.31667e-08
3.22604e-08
-3.28373e-08
3.22648e-08
-3.20015e-08
3.13045e-08
-3.04275e-08
2.91132e-08
-2.85616e-08
2.87856e-08
-2.93585e-08
2.81595e-08
-2.74297e-08
2.75266e-08
-2.86089e-08
2.94075e-08
-2.93882e-08
2.96131e-08
-3.12591e-08
3.2136e-08
-3.18943e-08
3.22438e-08
-3.24027e-08
3.20536e-08
-3.16167e-08
3.10738e-08
-3.08887e-08
3.11074e-08
-3.223e-08
3.09676e-08
-2.85527e-08
2.88513e-08
-2.84309e-08
2.73828e-08
-2.67299e-08
2.62966e-08
-2.69797e-08
2.70236e-08
-2.79733e-08
2.77277e-08
-2.65023e-08
2.74197e-08
-2.86826e-08
2.74447e-08
-2.59433e-08
2.6109e-08
-2.45062e-08
2.14288e-08
-1.97055e-08
1.7882e-08
-1.61178e-08
1.53597e-08
-1.47935e-08
1.40944e-08
-1.46356e-08
1.53079e-08
-1.47122e-08
1.5046e-08
-1.54625e-08
1.41809e-08
-1.41685e-08
1.48463e-08
-1.5874e-08
1.64972e-08
-1.72173e-08
1.615e-08
-1.518e-08
1.39095e-08
-1.50054e-08
1.71258e-08
-1.68111e-08
1.55636e-08
-1.49053e-08
1.3188e-08
-1.38391e-08
1.50782e-08
-1.54151e-08
1.41265e-08
-1.36335e-08
1.25691e-08
-1.06459e-08
1.03714e-08
-9.32048e-09
8.35936e-09
-8.12594e-09
8.10821e-09
-7.71132e-09
7.40841e-09
-7.89697e-09
7.20925e-09
-6.69774e-09
6.12312e-09
-4.88592e-09
3.98309e-09
-4.08149e-09
5.46124e-09
-6.21007e-09
6.99107e-09
-7.29213e-09
7.11396e-09
-6.72411e-09
6.92097e-09
-8.15391e-09
8.46436e-09
-9.47229e-09
1.14336e-08
-1.2373e-08
1.22944e-08
-1.26406e-08
1.27889e-08
-1.13351e-08
1.00037e-08
-9.30517e-09
9.87656e-09
-1.0073e-08
1.12442e-08
-1.19053e-08
1.09015e-08
-9.70265e-09
8.92835e-09
-8.01948e-09
5.02043e-09
-4.26899e-09
6.37674e-09
-6.35741e-09
4.98226e-09
-4.60902e-09
4.04033e-09
-1.43577e-09
-1.73949e-10
-0.000999994
0
0
0
0
0
0
0
0
0
0
0
0
0
0
0
0
0
0
0
0
0
0
0
0
0
0
0
0
0
0
0
0
0
0
0
0
0
0
0
0
0
0
0
0
0
0
0
0
0
0
0
0
0
0
0
0
0
0
0
0
0
0
0
0
0
0
0
0
0
0
0
0
0
0
0
0
0
0
0
0
0
0
0
0
0
0
0
0
0
0
0
0
0
0
0
0
0
0
0
0
0
0
0
0
0
0
0
0
0
0
0
0
0
0
0
0
0
0
0
0
0
0
0
0
0
0
0
0
0
0
0
0
0
0
0
0
0
0
0
0
0
0
0
0
0
0
0
0
0
0
0
0
0
0
0
0
0
0
0
0
0
0
0
0
0
0
0
0
0
0
0
0
0
0
0
0
0
0
0
0
0
0
0
0
0
0
0
0
0
0
0
0
0
0
0
0
0
0
0
0
0
0
0
0
0
0
0
0
0
0
0
0
0
0
0
0
0
0
0
0
0
0
0
0
0
0
0
0
0
0
0
0
0
0
0
0
0
0
0
0
0
0
0
0
0
0
0
0
0
0
0
0
0
0
0
0
0
0
0
0
0
0
0
0
0
0
0
0
0
0
0
0
0
0
0
0
0
0
0
0
0
0
0
0
0
0
0
0
0
0
0
0
0
0
0
0
0
0
0
0
0
0
0
0
0
0
0
0
0
0
0
0
0
0
0
0
0
0
0
0
0
0
0
0
0
0
0
0
0
0
0
0
0
0
0
0
0
0
0
0
0
0
0
0
0
0
0
0
0
0
0
0
0
0
0
0
0
0
0
0
0
0
0
0
0
0
0
0
0
0
0
0
0
0
0
0
0
0
0
0
0
0
0
0
0
0
0
0
0
0
0
0
0
0
0
0
0
0
0
0
0
0
0
0
0
0
0
0
0
0
0
0
0
0
0
0
0
0
0
0
0
0
0
0
0
0
0
0
0
0
0
0
0
0
0
0
0
0
0
0
0
0
0
0
0
0
0
0
0
0
0
0
0
0
0
0
0
0
0
0
0
0
0
0
0
0
0
0
0
0
0
0
0
0
0
0
0
0
0
0
0
0
0
0
0
0
0
0
0
0
0
0
0
0
0
0
0
0
0
0
0
0
0
0
0
0
0
0
0
0
0
0
0
0
0
0
0
0
0
0
0
0
0
0
0
0
0
0
0
0
0
0
0
0
0
0
0
0
0
0
0
0
0
0
0
0
0
0
0
0
0
0
0
0
0
0
0
0
0
0
0
0
0
0
0
0
0
0
0
0
0
0
0
0
0
0
0
0
0
0
0
0
0
0
0
0
0
0
0
0
0
0
0
0
0
0
0
0
0
0
0
0
0
0
0
0
0
0
0
0
0
0
0
0
0
0
0
0
0
0
0
0
0
0
0
0
0
0
0
0
0
0
0
0
0
0
0
0
0
0
0
0
0
0
0
0
0
0
0
0
0
0
0
0
0
0
0
0
0
0
0
0
0
0
0
0
0
0
0
0
0
0
0
0
0
0
0
0
0
0
0
0
0
0
0
0
0
0
0
0
0
0
0
0
0
0
0
0
0
0
0
0
0
0
0
0
0
0
0
0
0
0
0
0
0
0
0
0
0
0
0
0
0
0
0
0
0
0
0
0
0
0
0
0
0
0
0
0
0
0
0
0
0
0
0
0
0
0
0
0
0
0
0
0
0
0
0
0
0
0
0
0
0
0
0
0
0
0
0
0
0
0
0
0
0
0
0
0
0
0
0
0
0
0
0
0
0
0
0
0
0
0
0
0
0
0
0
0
0
0
0
0
0
0
0
0
0
0
0
0
0
0
0
0
0
0
0
0
0
0
0
0
0
0
0
0
0
0
0
0
0
0
0
0
0
0
0
0
0
0
0
0
0
0
0
0
0
0
0
0
0
0
0
0
0
0
0
0
0
0
0
0
0
0
0
0
0
0
0
0
0
0
0
0
0
0
0
0
0
0
0
0
0
0
0
0
0
0
0
0
0
0
0
0
0
0
0
0
0
0
0
0
0
0
0
0
0
0
0
0
0
0
0
0
0
0
0
0
0
0
0
0
0
0
0
0
0
0
0
0
0
0
0
0
0
0
0
0
0
0
0
0
0
0
0
0
0
0
0
0
0
0
0
0
0
0
0
0
0
0
0
0
0
0
0
0
0
0
0
0
0
0
0
0
0
0
0
0
0
0
0
0
0
0
0
0
0
0
0
0
0
0
0
0
0
0
0
0
0
0
0
0
0
0
0
0
0
0
0
0
0
0
0
0
0
0
0
0
0
0
0
0
0
0
0
0
0
0
0
0
0
0
0
0
0
0
0
0
0
0
0
0
0
0
0
0
0
0
0
0
0
0
0
0
0
0
0
0
0
0
0
0
0
0
0
0
0
0
0
0
0
0
0
0
0
0
0
0
0
0
0
0
0
0
0
0
0
0
0
0
0
0
0
0
0
0
0
0
0
0
0
0
0
0
0
0
0
0
0
0
0
0
0
0
0
0
0
0
0
0
0
0
0
0
0
0
0
0
0
0
0
0
0
0
0
0
0
0
0
0
0
0
0
0
0
0
0
0
0
0
0
0
0
0
0
0
0
0
0
0
0
0
0
0
0
0
0
0
0
0
0
0
0
0
0
0
0
0
0
0
0
0
0
0
0
0
0
0
0
0
0
0
0
0
0
0
0
0
0
0
0
0
0
0
0
0
0
0
0
0
0
0
0
0
0
0
0
0
0
0
0
0
0
0
0
0
0
0
0
0
0
0
0
0
0
0
0
0
0
0
0
0
0
0
0
0
0
0
0
0
0
0
0
0
0
0
0
0
0
0
0
0
0
0
0
0
0
0
0
0
0
0
0
0
0
0
0
0
0
0
0
0
0
0
0
0
0
0
0
0
0
0
0
0
0
0
0
0
0
0
0
0
0
0
0
0
0
0
0
0
0
0
0
0
0
0
0
0
0
0
0
0
0
0
0
0
0
0
0
0
0
0
0
0
0
0
0
0
0
0
0
0
0
0
0
0
0
0
0
0
0
0
0
0
0
0
0
0
0
0
0
0
0
0
0
0
0
0
0
0
0
0
0
0
0
0
0
0
0
0
0
0
0
0
0
0
0
0
0
0
0
0
0
0
0
0
0
0
0
0
0
0
0
0
0
0
0
0
0
0
0
0
0
0
0
0
0
0
0
0
0
0
0
0
0
0
0
0
0
0
0
0
0
0
0
0
0
0
0
0
0
0
0
0
0
0
0
0
0
0
0
0
0
0
0
0
0
0
0
0
0
0
0
0
0
0
0
0
0
0
0
0
0
0
0
0
0
0
0
0
0
0
0
0
0
0
0
0
0
0
0
0
0
0
0
0
0
0
0
0
0
0
0
0
0
0
0
0
0
0
0
0
0
0
0
0
0
0
0
0
0
0
0
0
0
0
0
0
0
0
0
0
0
0
0
0
0
0
0
0
0
0
0
0
0
0
0
0
0
0
0
0
0
0
0
0
0
0
0
0
0
0
0
0
0
0
0
0
0
0
0
0
0
0
0
0
0
0
0
0
0
0
0
0
0
0
0
0
0
0
0
0
0
0
0
0
0
0
0
0
0
0
0
0
0
0
0
0
0
0
0
0
0
0
0
0
0
0
0
0
0
0
0
0
0
0
0
0
0
0
0
0
0
0
0
0
0
0
0
0
0
0
0
0
0
0
0
0
0
0
0
0
0
0
0
0
0
0
0
0
0
0
0
0
0
0
0
0
0
0
0
0
0
0
0
0
0
0
0
0
0
0
0
0
0
0
0
0
0
0
0
0
0
0
0
0
0
0
0
0
0
0
0
0
0
0
0
0
0
0
0
0
0
0
0
0
0
0
0
0
0
0
0
0
0
0
0
0
0
0
0
0
0
0
0
0
0
0
0
0
0
0
0
0
0
0
0
0
0
0
0
0
0
0
0
0
0
0
0
0
0
0
0
0
0
0
0
0
0
0
0
0
0
0
0
0
0
0
0
0
0
0
0
0
0
0
0
0
0
0
0
0
0
0
0
0
0
0
0
0
0
0
0
0
0
0
0
0
0
0
0
0
0
0
0
0
0
0
0
0
0
0
0
0
0
0
0
0
0
0
0
0
0
0
0
0
0
0
0
0
0
0
0
0
0
0
0
0
0
0
0
0
0
0
0
0
0
0
0
0
0
0
0
0
0
0
0
0
0
0
0
0
0
0
0
0
0
0
0
0
0
0
0
0
0
0
0
0
0
0
0
0
0
0
0
0
0
0
0
0
0
0
0
0
0
0
0
0
0
0
0
0
0
0
0
0
0
0
0
0
0
0
0
0
0
0
0
0
0
0
0
0
0
0
0
0
0
0
0
0
0
0
0
0
0
0
0
0
0
0
0
0
0
0
0
0
0
0
0
0
0
0
0
0
0
0
0
0
0
0
0
0
0
0
0
0
0
0
0
0
0
0
0
0
0
0
0
0
0
0
0
0
0
0
0
0
0
0
0
0
0
0
0
0
0
0
0
0
0
0
0
0
0
0
0
0
0
0
0
0
0
0
0
0
0
0
0
0
0
0
0
0
0
0
0
0
0
0
0
0
0
0
0
0
0
0
0
0
0
0
0
0
0
0
0
0
0
0
0
0
0
0
0
0
0
0
0
0
0
0
0
0
0
0
0
0
0
0
0
0
0
0
0
0
0
0
0
0
0
0
0
0
0
0
0
0
0
0
0
0
0
0
0
0
0
0
0
0
0
0
0
0
0
0
0
0
0
0
0
0
0
0
0
0
0
0
0
0
0
0
0
0
0
0
0
0
0
0
0
0
0
0
0
0
0
0
0
0
0
0
0
0
0
0
0
0
0
0
0
0
0
0
0
0
0
0
0
0
0
0
0
0
0
0
0
0
0
0
0
0
0
0
0
0
0
0
0
0
0
0
0
0
0
0
0
0
0
0
0
0
0
0
0
0
0
0
0
0
0
0
0
0
0
0
0
0
0
0
0
0
0
0
0
0
0
0
0
0
0
0
0
0
0
0
0
0
0
0
0
0
0
0
0
0
0
0
0
0
0
0
0
0
0
0
0
0
0
0
0
0
0
0
0
0
0
0
0
0
0
0
0
0
0
0
0
0
0
0
0
0
0
0
0
0
0
0
0
0
0
0
0
0
0
0
0
0
0
0
0
0
0
0
0
0
0
0
0
0
0
0
0
0
0
0
0
0
0
0
0
0
0
0
0
0
0
0
0
0
0
0
0
0
0
0
0
0
0
0
0
0
0
0
0
0
0
0
0
0
0
0
0
0
0
0
0
0
0
0
0
0
0
0
0
0
0
0
0
0
0
0
0
0
0
0
0
0
0
0
0
0
0
0
0
0
0
0
0
0
0
0
0
0
0
0
0
0
0
0
0
0
0
0
0
0
0
0
0
0
0
0
0
0
0
0
0
0
0
0
0
0
0
0
0
0
0
0
0
0
0
0
0
0
0
0
0
0
0
0
0
0
0
0
0
0
0
0
0
0
0
0
0
0
0
0
0
0
0
0
0
0
0
0
0
0
0
0
0
0
0
0
0
0
0
0
0
0
0
0
0
0
0
0
0
0
0
0
0
0
0
0
0
0
0
0
0
0
0
0
0
0
0
0
0
0
0
0
0
0
0
0
0
0
0
0
0
0
0
0
0
0
0
0
0
0
0
0
0
0
0
0
0
0
0
0
0
0
0
0
0
0
0
0
0
0
0
0
0
0
0
0
0
0
0
0
0
0
0
0
0
0
0
0
0
0
0
0
0
0
0
0
0
0
0
0
0
0
0
0
0
0
0
0
0
0
0
0
0
0
0
0
0
0
0
0
0
0
0
0
0
0
0
0
0
0
0
0
0
0
0
0
0
0
0
0
0
0
0
0
0
0
0
0
0
0
0
0
0
0
0
0
0
0
0
0
0
0
0
0
0
0
0
0
0
0
0
0
0
0
0
0
0
0
0
0
0
0
0
0
0
0
0
0
0
0
0
0
0
0
0
0
0
0
0
0
0
0
0
0
0
0
0
0
0
0
0
0
0
0
0
0
0
0
0
0
0
0
0
0
0
0
0
0
0
0
0
0
0
0
0
0
0
0
0
0
0
0
0
0
0
0
0
0
0
0
0
0
0
0
0
0
0
0
0
0
0
0
0
0
0
0
0
0
0
0
0
0
0
0
0
0
0
0
0
0
0
0
0
0
0
0
0
0
0
0
0
0
0
0
0
0
0
0
0
0
0
0
0
0
0
0
0
0
0
0
0
0
0
0
0
0
0
0
0
0
0
0
0
0
0
0
0
0
0
0
0
0
0
0
0
0
0
0
0
0
0
0
0
0
0
0
0
0
0
0
0
0
0
0
0
0
0
0
0
0
0
0
0
0
0
0
0
0
0
0
0
0
0
0
0
0
0
0
0
0
0
0
0
0
0
0
0
0
0
0
0
0
0
0
0
0
0
0
0
0
0
0
0
0
0
0
0
0
0
0
0
0
0
0
0
0
0
0
0
0
0
0
0
0
0
0
0
0
0
0
0
0
0
0
0
0
0
0
0
0
0
0
0
0
0
0
0
0
0
0
0
0
0
0
0
0
0
0
0
0
0
0
0
0
0
0
0
0
0
0
0
0
0
0
0
0
0
0
0
0
0
0
0
0
0
0
0
0
0
0
0
0
0
0
0
0
0
0
0
0
0
0
0
0
0
0
0
0
0
0
0
0
0
0
0
0
0
0
0
0
0
0
0
0
0
0
0
0
0
0
0
0
0
0
0
0
0
0
0
0
0
0
0
0
0
0
0
0
0
0
0
0
0
0
0
0
0
0
0
0
0
0
0
0
0
0
0
0
0
0
0
0
0
0
0
0
0
0
0
0
0
0
0
0
0
0
0
0
0
0
0
0
0
0
0
0
0
0
0
0
0
0
0
0
0
0
0
0
0
0
0
0
0
0
0
0
0
0
0
0
0
0
0
0
0
0
0
0
0
0
0
0
0
0
0
0
0
0
0
0
0
0
0
0
0
0
0
0
0
0
0
0
0
0
0
0
0
0
0
0
0
0
0
0
0
0
0
0
0
0
0
0
0
0
0
0
0
0
0
0
0
0
0
0
0
0
0
0
0
0
0
0
0
0
0
0
0
0
0
0
0
0
0
0
0
0
0
0
0
0
0
0
0
0
0
0
0
0
0
0
0
0
0
0
0
0
0
0
0
0
0
0
0
0
0
0
0
0
0
0
0
0
0
0
0
0
0
0
0
0
0
0
0
0
0
0
0
0
0
0
0
0
0
0
0
0
0
0
0
0
0
0
0
0
0
0
0
0
0
0
0
0
0
0
0
0
0
0
0
0
0
0
0
0
0
0
0
0
0
0
0
0
0
0
0
0
0
0
0
0
0
0
0
0
0
0
0
0
0
0
0
0
0
0
0
0
0
0
0
0
0
0
0
0
0
0
0
0
0
0
0
0
0
0
0
0
0
0
0
0
0
0
0
0
0
0
0
0
0
0
0
0
0
0
0
0
0
0
0
0
0
0
0
0
0
0
0
0
0
0
0
0
0
0
0
0
0
0
0
0
0
0
0
0
0
0
0
0
0
0
0
0
0
0
0
0
0
0
0
0
0
0
0
0
0
0
0
0
0
0
0
0
0
0
0
0
0
0
0
0
0
0
0
0
0
0
0
0
0
0
0
0
0
0
0
0
0
0
0
0
0
0
0
0
0
0
0
0
0
0
0
0
0
0
0
0
0
0
0
0
0
0
0
0
0
0
0
0
0
0
0
0
0
0
0
0
0
0
0
0
0
0
0
0
0
0
0
0
0
0
0
0
0
0
0
0
0
0
0
0
0
0
0
0
0
0
0
0
0
0
0
0
0
0
0
0
0
0
0
0
0
0
0
0
0
0
0
0
0
0
0
0
0
0
0
0
0
0
0
0
0
0
0
0
0
0
0
0
0
0
0
0
0
0
0
0
0
0
0
0
0
0
0
0
0
0
0
0
0
0
0
0
0
0
0
0
0
0
0
0
0
0
0
0
0
0
0
0
0
0
0
0
0
0
0
0
0
0
0
0
0
0
0
0
0
0
0
0
0
0
0
0
0
0
0
0
0
0
0
0
0
0
0
0
0
0
0
0
0
0
0
0
0
0
0
0
0
0
0
0
0
0
0
0
0
0
0
0
0
0
0
0
0
0
0
0
0
0
0
0
0
0
0
0
0
0
0
0
0
0
0
0
0
0
0
0
0
0
0
0
0
0
0
0
0
0
0
0
0
0
0
0
0
0
0
0
0
0
0
0
0
0
0
0
0
0
0
0
0
0
0
0
0
0
0
0
0
0
0
0
0
0
0
0
0
0
0
0
0
0
0
0
0
0
0
0
0
0
0
0
0
0
0
0
0
0
0
0
0
0
0
0
0
0
0
0
0
0
0
0
0
0
0
0
0
0
0
0
0
0
0
0
0
0
0
0
0
0
0
0
0
0
0
0
0
0
0
0
0
0
0
0
0
0
0
0
0
0
0
0
0
0
0
0
0
0
0
0
0
0
0
0
0
0
0
0
0
0
0
0
0
0
0
0
0
0
0
0
0
0
0
0
0
0
0
0
0
0
0
0
0
0
0
0
0
0
0
0
0
0
0
0
0
0
0
0
0
0
0
0
0
0
0
0
0
0
0
0
0
0
0
0
0
0
0
0
0
0
0
0
0
0
0
0
0
0
0
0
0
0
0
0
0
0
0
0
0
0
0
0
0
0
0
0
0
0
0
0
0
0
0
0
0
0
0
0
0
0
0
0
0
0
0
0
0
0
0
0
0
0
0
0
0
0
0
0
0
0
0
0
0
0
0
0
0
0
0
0
0
0
0
0
0
0
0
0
0
0
0
0
0
0
0
0
0
0
0
0
0
0
0
0
0
0
0
0
0
0
0
0
0
0
0
0
0
0
0
0
0
0
0
0
0
0
0
0
0
0
0
0
0
0
0
0
0
0
0
0
0
0
0
0
0
0
0
0
0
0
0
0
0
0
0
0
0
0
0
0
0
0
0
0
0
0
0
0
0
0
0
0
0
0
0
0
0
0
0
0
0
0
0
0
0
0
0
0
0
0
0
0
0
0
0
0
0
0
0
0
0
0
0
0
0
0
0
0
0
0
0
0
0
0
0
0
0
0
0
0
0
0
0
0
0
0
0
0
0
0
0
0
0
0
0
0
0
0
0
0
0
0
0
0
0
0
0
0
0
0
0
0
0
0
0
0
0
0
0
0
0
0
0
0
0
0
0
0
0
0
0
0
0
0
0
0
0
0
0
0
0
0
0
0
0
0
0
0
0
0
0
0
0
0
0
0
0
0
0
0
0
0
0
0
0
0
0
0
0
0
0
0
0
0
0
0
0
0
0
0
0
0
0
0
0
0
0
0
0
0
0
0
0
0
0
0
0
0
0
0
0
0
0
0
0
0
0
0
0
0
0
0
0
0
0
0
0
0
0
0
0
0
0
0
0
0
0
0
0
0
0
0
0
0
0
0
0
0
0
0
0
0
0
0
0
0
0
0
0
0
0
0
0
0
0
0
0
0
0
0
0
0
0
0
0
0
0
0
0
0
0
0
0
0
0
0
0
0
0
0
0
0
0
0
0
0
0
0
0
0
0
0
0
0
0
0
0
0
0
0
0
0
0
0
0
0
0
0
0
0
0
0
0
0
0
0
0
0
0
0
0
0
0
0
0
0
0
0
0
0
0
0
0
0
0
0
0
0
0
0
0
0
0
0
0
0
0
0
0
0
0
0
0
0
0
0
0
0
0
0
0
0
0
0
0
0
0
0
0
0
0
0
0
0
0
0
0
0
0
0
0
0
0
0
0
0
0
0
0
0
0
0
0
0
0
0
0
0
0
0
0
0
0
0
0
0
0
0
0
0
0
0
0
0
0
0
0
0
0
0
0
0
0
0
0
0
0
0
0
0
0
0
0
0
0
0
0
0
0
0
0
0
0
0
0
0
0
0
0
0
0
0
0
0
0
0
0
0
0
0
0
0
0
0
0
0
0
0
0
0
0
0
0
0
0
0
0
0
0
0
0
0
0
0
0
0
0
0
0
0
0
0
0
0
0
0
0
0
0
0
0
0
0
0
0
0
0
0
0
0
0
0
0
0
0
0
0
0
0
0
0
0
0
0
0
0
0
0
0
0
0
0
0
0
0
0
0
0
0
0
0
0
0
0
0
0
0
0
0
0
0
0
0
0
0
0
0
0
0
0
0
0
0
0
0
0
0
0
0
0
0
0
0
0
0
0
0
0
0
0
0
0
0
0
0
0
0
0
0
0
0
0
0
0
0
0
0
0
0
0
0
0
0
0
0
0
0
0
0
0
0
0
0
0
0
0
0
0
0
0
0
0
0
0
0
0
0
0
0
0
0
0
0
0
0
0
0
0
0
0
0
0
0
0
0
0
0
0
0
0
0
0
0
0
0
0
0
0
0
0
0
0
0
0
0
0
0
0
0
0
0
0
0
0
0
0
0
0
0
0
0
0
0
0
0
0
0
0
0
0
0
0
0
0
0
0
0
0
0
0
0
0
0
0
0
0
0
0
0
0
0
0
0
0
0
0
0
0
0
0
0
0
0
0
0
0
0
0
0
0
0
0
0
0
0
0
0
0
0
0
0
0
0
0
0
0
0
0
0
0
0
0
0
0
0
0
0
0
0
0
0
0
0
0
0
0
0
0
0
0
0
0
0
0
0
0
0
0
0
0
0
0
0
0
0
0
0
0
0
0
0
0
0
0
0
0
0
0
0
0
0
0
0
0
0
0
0
0
0
0
0
0
0
0
0
0
0
0
0
0
0
0
0
0
0
0
0
0
0
0
0
0
0
0
0
0
0
0
0
0
0
0
0
0
0
0
0
0
0
0
0
0
0
0
0
0
0
0
0
0
0
0
0
0
0
0
0
0
0
0
0
0
0
0
0
0
0
0
0
0
0
0
0
0
0
0
0
0
0
0
0
0
0
0
0
0
0
0
0
0
0
0
0
0
0
0
0
0
0
0
0
0
0
0
0
0
0
0
0
0
0
0
0
0
0
0
0
0
0
0
0
0
0
0
0
0
0
0
0
0
0
0
0
0
0
0
0
0
0
0
0
0
0
0
0
0
0
0
0
0
0
0
0
0
0
0
0
0
0
0
0
0
0
0
0
0
0
0
0
0
0
0
0
0
0
0
0
0
0
0
0
0
0
0
0
0
0
0
0
0
0
0
0
0
0
0
0
0
0
0
0
0
0
0
0
0
0
0
0
0
0
0
0
0
0
0
0
0
0
0
0
0
0
0
0
0
0
0
0
0
0
0
0
0
0
0
0
0
0
0
0
0
0
0
0
0
0
0
0
0
0
0
0
0
0
0
0
0
0
0
0
0
0
0
0
0
0
0
0
0
0
0
0
0
0
0
0
0
0
0
0
0
0
0
0
0
0
0
0
0
0
0
0
0
0
0
0
0
0
0
0
0
0
0
0
0
0
0
0
0
0
0
0
0
0
0
0
0
0
0
0
0
0
0
0
0
0
0
0
0
0
0
0
0
0
0
0
0
0
0
0
0
0
0
0
0
0
0
0
0
0
0
0
0
0
0
0
0
0
0
0
0
0
0
0
0
0
0
0
0
0
0
0
0
0
0
0
0
0
0
0
0
0
0
0
0
0
0
0
0
0
0
0
0
0
0
0
0
0
0
0
0
0
0
0
0
0
0
0
0
0
0
0
0
0
0
0
0
0
0
0
0
0
0
0
0
0
0
0
0
0
0
0
0
0
0
0
0
0
0
0
0
0
0
0
0
0
0
0
0
0
0
0
0
0
0
0
0
0
0
0
0
0
0
0
0
0
0
0
0
0
0
0
0
0
0
0
0
0
0
0
0
0
0
0
0
0
0
0
0
0
0
0
0
0
0
0
0
0
0
0
0
0
0
0
0
0
0
0
0
0
0
0
0
0
0
0
0
0
0
0
0
0
0
0
0
0
0
0
0
0
0
0
0
0
0
0
0
0
0
0
0
0
0
0
0
0
0
0
0
0
0
0
0
0
0
0
0
0
0
0
0
0
0
0
0
0
0
0
0
0
0
0
0
0
0
0
0
0
0
0
0
0
0
0
0
0
0
0
0
0
0
0
0
0
0
0
0
0
0
0
0
0
0
0
0
0
0
0
0
0
0
0
0
0
0
0
0
0
0
0
0
0
0
0
0
0
0
0
0
0
0
0
0
0
0
0
0
0
0
0
0
0
0
0
0
0
0
0
0
0
0
0
0
0
0
0
0
0
0
0
0
0
0
0
0
0
0
0
0
0
0
0
0
0
0
0
0
0
0
0
0
0
0
0
0
0
0
0
0
0
0
0
0
0
0
0
0
0
0
0
0
0
0
0
0
0
0
0
0
0
0
0
0
0
0
0
0
0
0
0
0
0
0
0
0
0
0
0
0
0
0
0
0
0
0
0
0
0
0
0
0
0
0
0
0
0
0
0
0
0
0
0
0
0
0
0
0
0
0
0
0
0
0
0
0
0
0
0
0
0
0
0
0
0
0
0
0
0
0
0
0
0
0
0
0
0
0
0
0
0
0
0
0
0
0
0
0
0
0
0
0
0
0
0
0
0
0
0
0
0
0
0
0
0
0
0
0
0
0
0
0
0
0
0
0
0
0
0
0
0
0
0
0
0
0
0
0
0
0
0
0
0
0
0
0
0
0
0
0
0
0
0
0
0
0
0
0
0
0
0
0
0
0
0
0
0
0
0
0
0
0
0
0
0
0
0
0
0
0
0
0
0
0
0
0
0
0
0
0
0
0
0
0
0
0
0
0
0
0
0
0
0
0
0
0
0
0
0
0
0
0
0
0
0
0
0
0
0
0
0
0
0
0
0
0
0
0
0
0
0
0
0
0
0
0
0
0
0
0
0
0
0
0
0
0
0
0
0
0
0
0
0
0
0
0
0
0
0
0
0
0
0
0
0
0
0
0
0
0
0
0
0
0
0
0
0
0
0
0
0
0
0
0
0
0
0
0
0
0
0
0
0
0
0
0
0
0
0
0
0
0
0
0
0
0
0
0
0
0
0
0
0
0
0
0
0
0
0
0
0
0
0
0
0
0
0
0
0
0
0
0
0
0
0
0
0
0
0
0
0
0
0
0
0
0
0
0
0
0
0
0
0
0
0
0
0
0
0
0
0
0
0
0
0
0
0
0
0
0
0
0
0
0
0
0
0
0
0
0
0
0
0
0
0
0
0
0
0
0
0
0
0
0
0
0
0
0
0
0
0
0
0
0
0
0
0
0
0
0
0
0
0
0
0
0
0
0
0
0
0
0
0
0
0
0
0
0
0
0
0
0
0
0
0
0
0
0
0
0
0
0
0
0
0
0
0
0
0
0
0
0
0
0
0
0
0
0
0
0
0
0
0
0
0
0
0
0
0
0
0
0
0
0
0
0
0
0
0
0
0
0
0
0
0
0
0
0
0
0
0
0
0
0
0
0
0
0
0
0
0
0
0
0
0
0
0
0
0
0
0
0
0
0
0
0
0
0
0
0
0
0
0
0
0
0
0
0
0
0
0
0
0
0
0
0
0
0
0
0
0
0
0
0
0
0
0
0
0
0
0
0
0
0
0
0
0
0
0
0
0
0
0
0
0
0
0
0
0
0
0
0
0
0
0
0
0
0
0
0
0
0
0
0
0
0
0
0
0
0
0
0
0
0
0
0
0
0
0
0
0
0
0
0
0
0
0
0
0
0
0
0
0
0
0
0
0
0
0
0
0
0
0
0
0
0
0
0
0
0
0
0
0
0
0
0
0
0
0
0
0
0
0
0
0
0
0
0
0
0
0
0
0
0
0
0
0
0
0
0
0
0
0
0
0
0
0
0
0
0
0
0
0
0
0
0
0
0
0
0
0
0
0
0
0
0
0
0
0
0
0
0
0
0
0
0
0
0
0
0
0
0
0
0
0
0
0
0
0
0
0
0
0
0
0
0
0
0
0
0
0
0
0
0
0
0
0
0
0
0
0
0
0
0
0
0
0
0
0
0
0
0
0
0
0
0
0
0
0
0
0
0
0
0
0
0
0
0
0
0
0
0
0
0
0
0
0
0
0
0
0
0
0
0
0
0
0
0
0
0
0
0
0
0
0
0
0
0
0
0
0
0
0
0
0
0
0
0
0
0
0
0
0
0
0
0
0
0
0
0
0
0
0
0
0
0
0
0
0
0
0
0
0
0
0
0
0
0
0
0
0
0
0
0
0
0
0
0
0
0
0
0
0
0
0
0
0
0
0
0
0
0
0
0
0
0
0
0
0
0
0
0
0
0
0
0
0
0
0
0
0
0
0
0
0
0
0
0
0
0
0
0
0
0
0
0
0
0
0
0
0
0
0
0
0
0
0
0
0
0
0
0
0
0
0
0
0
0
0
0
0
0
0
0
0
0
0
0
0
0
0
0
0
0
0
0
0
0
0
0
0
0
0
0
0
0
0
0
0
0
0
0
0
0
0
0
0
0
0
0
0
0
0
0
0
0
0
0
0
0
0
0
0
0
0
0
0
0
0
0
0
0
0
0
0
0
0
0
0
0
0
0
0
0
0
0
0
0
0
0
0
0
0
0
0
0
0
0
0
0
0
0
0
0
0
0
0
0
0
0
0
0
0
0
0
0
0
0
0
0
0
0
0
0
0
0
0
0
0
0
0
0
0
0
0
0
0
0
0
0
0
0
0
0
0
0
0
0
0
0
0
0
0
0
0
0
0
0
0
0
0
0
0
0
0
0
0
0
0
0
0
0
0
0
0
0
0
0
0
0
0
0
0
0
0
0
0
0
0
0
0
0
0
0
0
0
0
0
0
0
0
0
0
0
0
0
0
0
0
0
0
0
0
0
0
0
0
0
0
0
0
0
0
0
0
0
0
0
0
0
0
0
0
0
0
0
0
0
0
0
0
0
0
0
0
0
0
0
0
0
0
0
0
0
0
0
0
0
0
0
0
0
0
0
0
0
0
0
0
0
0
0
0
0
0
0
0
0
0
0
0
0
0
0
0
0
0
0
0
0
0
0
0
0
0
0
0
0
0
0
0
0
0
0
0
0
0
0
0
0
0
0
0
0
0
0
0
0
0
0
0
0
0
0
0
0
0
0
0
0
0
0
0
0
0
0
0
0
0
0
0
0
0
0
0
0
0
0
0
0
0
0
0
0
0
0
0
0
0
0
0
0
0
0
0
0
0
0
0
0
0
0
0
0
0
0
0
0
0
0
0
0
0
0
0
0
0
0
0
0
0
0
0
0
0
0
0
0
0
0
0
0
0
0
0
0
0
0
0
0
0
0
0
0
0
0
0
0
0
0
0
0
0
0
0
0
0
0
0
0
0
0
0
0
0
0
0
0
0
0
0
0
0
0
0
0
0
0
0
0
0
0
0
0
0
0
0
0
0
0
0
0
0
0
0
0
0
0
0
0
0
0
0
0
0
0
0
0
0
0
0
0
0
0
0
0
0
0
0
0
0
0
0
0
0
0
0
0
0
0
0
0
0
0
0
0
0
0
0
0
0
0
0
0
0
0
0
0
0
0
0
0
0
0
0
0
0
0
0
0
0
0
0
0
0
0
0
0
0
0
0
0
0
0
0
0
0
0
0
0
0
0
0
0
0
0
0
0
0
0
0
0
0
0
0
0
0
0
0
0
0
0
0
0
0
0
0
0
0
0
0
0
0
0
0
0
0
0
0
0
0
0
0
0
0
0
0
0
0
0
0
0
0
0
0
0
0
0
0
0
0
0
0
0
0
0
0
0
0
0
0
0
0
0
0
0
0
0
0
0
0
0
0
0
0
0
0
0
0
0
0
0
0
0
0
0
0
0
0
0
0
0
0
0
0
0
0
0
0
0
0
0
0
0
0
0
0
0
0
0
0
0
0
0
0
0
0
0
0
0
0
0
0
0
0
0
0
0
0
0
0
0
0
0
0
0
0
0
0
0
0
0
0
0
0
0
0
0
0
0
0
0
0
0
0
0
0
0
0
0
0
0
0
0
0
0
0
0
0
0
0
0
0
0
0
0
0
0
0
0
0
0
0
0
0
0
0
0
0
0
0
0
0
0
0
0
0
0
0
0
0
0
0
0
0
0
0
0
0
0
0
0
0
0
0
0
0
0
0
0
0
0
0
0
0
0
0
0
0
0
0
0
0
0
0
0
0
0
0
0
0
0
0
0
0
0
0
0
0
0
0
0
0
0
0
0
0
0
0
0
0
0
0
0
0
0
0
0
0
0
0
0
0
0
0
0
0
0
0
0
0
0
0
0
0
0
0
0
0
0
0
0
0
0
0
0
0
0
0
0
0
0
0
0
0
0
0
0
0
0
0
0
0
0
0
0
0
0
0
0
0
0
0
0
0
0
0
0
0
0
0
0
0
0
0
0
0
0
0
0
0
0
0
0
0
0
0
0
0
0
0
0
0
0
0
0
0
0
0
0
0
0
0
0
0
0
0
0
0
0
0
0
0
0
0
0
0
0
0
0
0
0
0
0
0
0
0
0
0
0
0
0
0
0
0
0
0
0
0
0
0
0
0
0
0
0
0
0
0
0
0
0
0
0
0
0
0
0
0
0
0
0
0
0
0
0
0
0
0
0
0
0
0
0
0
0
0
0
0
0
0
0
0
0
0
0
0
0
0
0
0
0
0
0
0
0
0
0
0
0
0
0
0
0
0
0
0
0
0
0
0
0
0
0
0
0
0
0
0
0
0
0
0
0
0
0
0
0
0
0
0
0
0
0
0
0
0
0
0
0
0
0
0
0
0
0
0
0
0
0
0
0
0
0
0
0
0
0
0
0
0
0
0
0
0
0
0
0
0
0
0
0
0
0
0
0
0
0
0
0
0
0
0
0
0
0
0
0
0
0
0
0
0
0
0
0
0
0
0
0
0
0
0
0
0
0
0
0
0
0
0
0
0
0
0
0
0
0
0
0
0
0
0
0
0
0
0
0
0
0
0
0
0
0
0
0
0
0
0
0
0
0
0
0
0
0
0
0
0
0
0
0
0
0
0
0
0
0
0
0
0
0
0
0
0
0
0
0
0
0
0
0
0
0
0
0
0
0
0
0
0
0
0
0
0
0
0
0
0
0
0
0
0
0
0
0
0
0
0
0
0
0
0
0
0
0
0
0
0
0
0
0
0
0
0
0
0
0
0
0
0
0
0
0
0
0
0
0
0
0
0
0
0
0
0
0
0
0
0
0
0
0
0
0
0
0
0
0
0
0
0
0
0
0
0
0
0
0
0
0
0
0
0
0
0
0
0
0
0
0
0
0
0
0
0
0
0
0
0
0
0
0
0
0
0
0
0
0
0
0
0
0
0
0
0
0
0
0
0
0
0
0
0
0
0
0
0
0
0
0
0
0
0
0
0
0
0
0
0
0
0
0
0
0
0
0
0
0
0
0
0
0
0
0
0
0
0
0
0
0
0
0
0
0
0
0
0
0
0
0
0
0
0
0
0
0
0
0
0
0
0
0
0
0
0
0
0
0
0
0
0
0
0
0
0
0
0
0
0
0
0
0
0
0
0
0
0
0
0
0
0
0
0
0
0
0
0
0
0
0
0
0
0
0
0
0
0
0
0
0
0
0
0
0
0
0
0
0
0
0
0
0
0
0
0
0
0
0
0
0
0
0
0
0
0
0
0
0
0
0
0
0
0
0
0
0
0
0
0
0
0
0
0
0
0
0
0
0
0
0
0
0
0
0
0
0
0
0
0
0
0
0
0
0
0
0
0
0
0
0
0
0
0
0
0
0
0
0
0
0
0
0
0
0
0
0
0
0
0
0
0
0
0
0
0
0
0
0
0
0
0
0
0
0
0
0
0
0
0
0
0
0
0
0
0
0
0
0
0
0
0
0
0
0
0
0
0
0
0
0
0
0
0
0
0
0
0
0
0
0
0
0
0
0
0
0
0
0
0
0
0
0
0
0
0
0
0
0
0
0
0
0
0
0
0
0
0
0
0
0
0
0
0
0
0
0
0
0
0
0
0
0
0
0
0
0
0
0
0
0
0
0
0
0
0
0
0
0
0
0
0
0
0
0
0
0
0
0
0
0
0
0
0
0
0
0
0
0
0
0
0
0
0
0
0
0
0
0
0
0
0
0
0
0
0
0
0
0
0
0
0
0
0
0
0
0
0
0
0
0
0
0
0
0
0
0
0
0
0
0
0
0
0
0
0
0
0
0
0
0
0
0
0
0
0
0
0
0
0
0
0
0
0
0
0
0
0
0
0
0
0
0
0
0
0
0
0
0
0
0
0
0
0
0
0
0
0
0
0
0
0
0
0
0
0
0
0
0
0
0
0
0
0
0
0
0
0
0
0
0
0
0
0
0
0
0
0
0
0
0
0
0
0
0
0
0
0
0
0
0
0
0
0
0
0
0
0
0
0
0
0
0
0
0
0
0
0
0
0
0
0
0
0
0
0
0
0
0
0
0
0
0
0
0
0
0
0
0
0
0
0
0
0
0
0
0
0
0
0
0
0
0
0
0
0
0
0
0
0
0
0
0
0
0
0
0
0
0
0
0
0
0
0
0
0
0
0
0
0
0
0
0
0
0
0
0
0
0
0
0
0
0
0
0
0
0
0
0
0
0
0
0
0
0
0
0
0
0
0
0
0
0
0
0
0
0
0
0
0
0
0
0
0
0
0
0
0
0
0
0
0
0
0
0
0
0
0
0
0
0
0
0
0
0
0
0
0
0
0
0
0
0
0
0
0
0
0
0
0
0
0
0
0
0
0
0
0
0
0
0
0
0
0
0
0
0
0
0
0
0
0
0
0
0
0
0
0
0
0
0
0
0
0
0
0
0
0
0
0
0
0
0
0
0
0
0
0
0
0
0
0
0
0
0
0
0
0
0
0
0
0
0
0
0
0
0
0
0
0
0
0
0
0
0
0
0
0
0
0
0
0
0
0
0
0
0
0
0
0
0
0
0
0
0
0
0
0
0
0
0
0
0
0
0
0
0
0
0
0
0
0
0
0
0
0
0
0
0
0
0
0
0
0
0
0
0
0
0
0
0
0
0
0
0
0
0
0
0
0
0
0
0
0
0
0
0
0
0
0
0
0
0
0
0
0
0
0
0
0
0
0
0
0
0
0
0
0
0
0
0
0
0
0
0
0
0
0
0
0
0
0
0
0
0
0
0
0
0
0
0
0
0
0
0
0
0
0
0
0
0
0
0
0
0
0
0
0
0
0
0
0
0
0
0
0
0
0
0
0
0
0
0
0
0
0
0
0
0
0
0
0
0
0
0
0
0
0
0
0
0
0
0
0
0
0
0
0
0
0
0
0
0
0
0
0
0
0
0
0
0
0
0
0
0
0
0
0
0
0
0
0
0
0
0
0
0
0
0
0
0
0
0
0
0
0
0
0
0
0
0
0
0
0
0
0
0
0
0
0
0
0
0
0
0
0
0
0
0
0
0
0
0
0
0
0
0
0
0
0
0
0
0
0
0
0
0
0
0
0
0
0
0
0
0
0
0
0
0
0
0
0
0
0
0
0
0
0
0
0
0
0
0
0
0
0
0
0
0
0
0
0
0
0
0
0
0
0
0
0
0
0
0
0
0
0
0
0
0
0
0
0
0
0
0
0
0
0
0
0
0
0
0
0
0
0
0
0
0
0
0
0
0
0
0
0
0
0
0
0
0
0
0
0
0
0
0
0
0
0
0
0
0
0
0
0
0
0
0
0
0
0
0
0
0
0
0
0
0
0
0
0
0
0
0
0
0
0
0
0
0
0
0
0
0
0
0
0
0
0
0
0
0
0
0
0
0
0
0
0
0
0
0
0
0
0
0
0
0
0
0
0
0
0
0
0
0
0
0
0
0
0
0
0
0
0
0
0
0
0
0
0
0
0
0
0
0
0
0
0
0
0
0
0
0
0
0
0
0
0
0
0
0
0
0
0
0
0
0
0
0
0
0
0
0
0
0
0
0
0
0
0
0
0
0
0
0
0
0
0
0
0
0
0
0
0
0
0
0
0
0
0
0
0
0
0
0
0
0
0
0
0
0
0
0
0
0
0
0
0
0
0
0
0
0
0
0
0
0
0
0
0
0
0
0
0
0
0
0
0
0
0
0
0
0
0
0
0
0
0
0
0
0
0
0
0
0
0
0
0
0
0
0
0
0
0
0
0
0
0
0
0
0
0
0
0
0
0
0
0
0
0
0
0
0
0
0
0
0
0
0
0
0
0
0
0
0
0
0
